<?xml version="1.0" encoding="UTF-8" ?>
<!DOCTYPE svg PUBLIC "-//W3C//DTD SVG 1.1//EN" "http://www.w3.org/Graphics/SVG/1.1/DTD/svg11.dtd">
<svg width="192pt" height="192pt" viewBox="0 0 192 192" version="1.1" xmlns="http://www.w3.org/2000/svg">
<g id="#ff3649ff">
<path fill="#ff3649" opacity="1.00" d=" M 16.23 30.00 C 22.42 29.66 28.71 29.34 34.85 30.26 C 38.21 30.70 40.53 33.62 41.02 36.85 C 40.98 42.07 42.32 48.34 38.68 52.67 C 34.43 55.99 28.56 54.70 23.54 55.14 C 23.57 58.48 23.53 61.81 23.33 65.14 C 21.17 65.24 19.01 65.34 16.85 65.36 C 15.72 64.25 16.21 62.46 16.01 61.04 C 16.16 50.70 15.78 40.34 16.23 30.00 M 23.68 36.21 C 23.56 40.38 23.41 44.56 23.81 48.71 C 26.93 48.20 32.67 50.20 33.53 45.82 C 33.59 42.89 34.56 39.08 32.26 36.79 C 29.53 35.81 26.52 36.39 23.68 36.21 Z" />
</g>
<g id="#ff3650ff">
<path fill="#ff3650" opacity="1.00" d=" M 45.80 29.92 C 52.10 29.72 58.46 29.37 64.73 30.17 C 68.23 30.52 70.90 33.37 71.34 36.81 C 71.54 44.44 72.26 52.24 70.80 59.78 C 70.16 63.33 66.45 64.75 63.28 65.11 C 57.47 65.50 51.62 65.44 45.79 65.16 C 45.43 53.43 45.41 41.65 45.80 29.92 M 53.04 36.03 C 53.11 43.59 52.88 51.15 53.14 58.70 C 53.50 58.82 54.23 59.07 54.59 59.19 C 57.61 58.52 63.25 60.30 63.89 55.93 C 64.30 49.78 64.30 43.57 63.68 37.44 L 62.69 37.54 L 63.66 37.11 C 60.32 35.59 56.60 36.02 53.04 36.03 Z" />
</g>
<g id="#ff3656ff">
<path fill="#ff3656" opacity="1.00" d=" M 76.92 29.94 C 84.23 29.62 91.57 29.56 98.88 29.97 C 98.96 31.98 98.96 33.99 98.88 36.00 C 94.01 36.43 89.13 36.24 84.25 36.22 C 84.29 39.29 84.26 42.36 84.31 45.44 C 87.86 45.41 91.42 45.29 94.97 45.44 C 96.36 45.51 97.11 46.30 97.21 47.82 C 96.99 49.09 96.76 50.35 96.51 51.62 C 92.42 51.77 88.33 51.75 84.24 51.82 C 84.22 56.26 84.25 60.70 83.98 65.14 C 81.97 65.21 79.95 65.24 77.94 65.21 L 76.88 65.20 C 76.58 53.45 76.51 41.68 76.92 29.94 Z" />
</g>
<g id="#0e030449">
<path fill="#0e0304" opacity="0.29" d=" M 53.04 36.03 C 56.60 36.02 60.32 35.59 63.66 37.11 L 62.69 37.54 C 60.01 38.24 56.37 37.53 54.36 39.47 C 52.90 45.94 53.73 52.68 54.59 59.19 C 54.23 59.07 53.50 58.82 53.14 58.70 C 52.88 51.15 53.11 43.59 53.04 36.03 Z" />
</g>
<g id="#00000039">
<path fill="#000000" opacity="0.22" d=" M 41.02 36.85 C 42.45 42.08 43.73 48.11 41.16 53.19 C 37.85 58.47 30.77 57.00 25.56 58.41 C 25.20 61.05 25.02 63.73 24.23 66.28 C 22.56 68.96 17.99 68.19 16.85 65.36 C 19.01 65.34 21.17 65.24 23.33 65.14 C 23.53 61.81 23.57 58.48 23.54 55.14 C 28.56 54.70 34.43 55.99 38.68 52.67 C 42.32 48.34 40.98 42.07 41.02 36.85 Z" />
<path fill="#000000" opacity="0.22" d=" M 71.34 36.81 C 73.73 41.15 73.05 46.25 73.16 51.00 C 73.01 55.20 73.38 59.65 71.58 63.56 C 70.21 66.44 66.91 67.54 63.95 67.71 C 59.32 68.02 54.66 68.11 50.03 67.79 C 48.68 67.84 47.69 66.90 46.69 66.16 C 52.18 65.26 57.80 66.13 63.28 65.11 C 66.45 64.75 70.16 63.33 70.80 59.78 C 72.26 52.24 71.54 44.44 71.34 36.81 Z" />
</g>
<g id="#00000032">
<path fill="#000000" opacity="0.20" d=" M 97.21 47.82 C 99.17 49.41 99.17 52.55 97.06 54.01 C 93.67 55.13 89.88 54.15 86.57 55.57 C 85.29 59.00 86.27 62.79 85.30 66.28 C 83.82 68.60 80.84 67.97 78.57 67.63 C 78.41 67.02 78.10 65.82 77.94 65.21 C 79.95 65.24 81.97 65.21 83.98 65.14 C 84.25 60.70 84.22 56.26 84.24 51.82 C 88.33 51.75 92.42 51.77 96.51 51.62 C 96.76 50.35 96.99 49.09 97.21 47.82 Z" />
</g>
<g id="#ff3671ff">
<path fill="#ff3671" opacity="1.00" d=" M 151.10 85.22 C 155.00 81.80 157.95 76.65 163.21 75.24 C 168.66 74.14 172.21 79.06 175.59 82.41 C 178.75 85.26 179.55 90.47 176.92 93.92 C 174.34 97.10 171.31 99.90 168.28 102.65 C 162.63 96.76 156.72 91.13 151.10 85.22 Z" />
</g>
<g id="#ff3655ff">
<path fill="#ff3655" opacity="1.00" d=" M 13.56 91.49 C 14.50 88.90 17.31 87.58 19.94 87.80 C 37.31 87.82 54.68 87.75 72.04 87.83 C 74.99 87.52 76.98 89.82 78.59 91.92 C 78.07 94.10 78.14 96.78 76.21 98.30 C 74.21 99.93 71.46 99.61 69.06 99.72 C 51.76 99.57 34.45 99.83 17.16 99.58 C 14.10 98.33 12.15 94.62 13.56 91.49 Z" />
</g>
<g id="#ff366fff">
<path fill="#ff366f" opacity="1.00" d=" M 99.10 137.34 C 115.51 121.13 131.59 104.58 148.01 88.38 C 153.76 94.13 159.78 99.67 165.15 105.78 L 164.76 106.33 C 151.06 120.10 137.34 133.86 123.62 147.62 C 121.29 150.02 118.68 152.21 116.86 155.05 C 110.60 149.52 104.77 143.47 99.10 137.34 Z" />
</g>
<g id="#0200013b">
<path fill="#020001" opacity="0.23" d=" M 78.59 91.92 C 79.01 94.71 79.50 98.07 77.25 100.27 C 74.65 102.29 71.14 102.16 68.02 102.31 C 53.68 102.25 39.33 102.21 24.99 102.32 C 22.19 102.23 18.62 102.55 17.16 99.58 C 34.45 99.83 51.76 99.57 69.06 99.72 C 71.46 99.61 74.21 99.93 76.21 98.30 C 78.14 96.78 78.07 94.10 78.59 91.92 Z" />
</g>
<g id="#0100003e">
<path fill="#010000" opacity="0.24" d=" M 123.62 147.62 C 137.34 133.86 151.06 120.10 164.76 106.33 C 164.98 106.74 165.44 107.57 165.67 107.98 C 164.47 110.52 162.19 112.30 160.28 114.28 C 148.74 125.73 137.29 137.29 125.82 148.82 C 123.04 151.56 120.49 155.01 116.44 155.87 L 116.86 155.05 C 118.68 152.21 121.29 150.02 123.62 147.62 Z" />
</g>
<g id="#ff365bff">
<path fill="#ff365b" opacity="1.00" d=" M 13.12 125.08 C 13.05 121.95 15.84 119.07 19.02 119.23 C 41.03 119.16 63.05 119.20 85.07 119.20 C 87.88 118.87 89.85 121.06 91.56 122.93 C 91.14 125.15 91.40 127.91 89.47 129.50 C 87.78 131.16 85.25 130.97 83.08 131.04 C 66.38 130.96 49.69 131.02 33.00 131.00 C 27.18 130.95 21.34 131.27 15.55 130.54 C 14.51 128.85 13.04 127.19 13.12 125.08 Z" />
</g>
<g id="#04010142">
<path fill="#040101" opacity="0.26" d=" M 91.56 122.93 C 91.88 125.55 92.83 128.65 90.90 130.90 C 89.09 133.37 85.77 133.33 83.02 133.39 C 63.00 133.30 42.98 133.34 22.97 133.38 C 20.14 133.58 17.44 132.68 15.55 130.54 C 21.34 131.27 27.18 130.95 33.00 131.00 C 49.69 131.02 66.38 130.96 83.08 131.04 C 85.25 130.97 87.78 131.16 89.47 129.50 C 91.40 127.91 91.14 125.15 91.56 122.93 Z" />
</g>
<g id="#ff3669ff">
<path fill="#ff3669" opacity="1.00" d=" M 95.46 140.73 C 98.71 142.65 101.00 145.73 103.70 148.29 C 106.91 151.71 110.61 154.71 113.38 158.52 C 106.91 159.51 100.58 161.52 94.03 161.96 C 86.44 162.01 78.85 162.00 71.26 161.91 C 64.78 160.57 58.09 160.64 51.63 159.27 C 50.45 156.64 53.72 154.04 55.89 152.99 C 63.83 150.80 72.23 151.59 80.31 150.16 C 84.75 149.86 89.21 150.17 93.65 149.92 C 94.20 146.85 94.79 143.78 95.46 140.73 Z" />
</g>
<g id="#ff365dff">
<path fill="#ff365d" opacity="1.00" d=" M 13.11 156.00 C 12.99 152.44 16.45 149.67 19.89 150.05 C 40.03 150.10 60.18 149.87 80.31 150.16 C 72.23 151.59 63.83 150.80 55.89 152.99 C 53.72 154.04 50.45 156.64 51.63 159.27 C 58.09 160.64 64.78 160.57 71.26 161.91 C 58.17 162.03 45.09 161.93 32.00 161.96 C 26.58 161.95 21.15 162.17 15.76 161.50 C 14.62 159.82 12.97 158.19 13.11 156.00 Z" />
</g>
<g id="#07010344">
<path fill="#070103" opacity="0.27" d=" M 94.03 161.96 C 100.58 161.52 106.91 159.51 113.38 158.52 C 112.37 159.87 111.26 161.32 109.46 161.55 C 103.41 162.99 97.25 164.35 91.00 164.31 C 70.33 164.21 49.66 164.25 29.00 164.29 C 24.49 164.16 19.12 165.32 15.76 161.50 C 21.15 162.17 26.58 161.95 32.00 161.96 C 45.09 161.93 58.17 162.03 71.26 161.91 C 78.85 162.00 86.44 162.01 94.03 161.96 Z" />
</g>
</svg>
